place(0.509, -6.368, 13.947, "Brawler", 750)
upgrade(0.509, -5.018, 13.947, 371)
upgrade(0.509, -5.018, 13.947, 1225)
place(4.247, -6.368, 11.213, "Scout", 550)
upgrade(4.247, -5.018, 11.213, 305)
place(6.616, -6.368, 9.354, "Scout", 881)
upgrade(6.616, -5.018, 9.354, 858)
place(8.613, -6.368, 11.691, "Scout", 713)
upgrade(8.613, -5.018, 11.691, 473)
place(6.197, -6.368, 13.569, "Scout", 354)
upgrade(6.197, -5.018, 13.569, 944)
place(9.818, -6.368, 14.472, "Scout", 1074)
upgrade(9.818, -5.018, 14.472, 824)
place(7.469, -6.368, 16.353, "Scout", 709)
upgrade(7.469, -5.018, 16.353, 487)
place(1.342, -6.368, 16.345, "Scout", 1368)
upgrade(1.342, -5.018, 16.345, 1450)
place(-1.695, -6.368, 15.563, "Scout", 1330)
upgrade(-1.695, -5.018, 15.563, 1080)
place(1.654, -6.368, 19.431, "Scout", 1110)
upgrade(1.654, -5.018, 19.431, 1960)
place(6.044, -6.368, 19.063, "Scout", 2195)
upgrade(6.044, -5.018, 19.063, 1945)
place(9.124, -6.368, 18.915, "Scout", 2031)
upgrade(9.124, -5.018, 18.915, 1804)
place(11.520, -6.368, 17.059, "Scout", 1674)
upgrade(11.520, -5.018, 17.059, 1424)
place(-1.239, -6.368, 18.531, "Scout", 3111)
upgrade(-1.239, -5.018, 18.531, 2861)
place(-4.665, -6.368, 16.320, "Scout", 2876)
upgrade(-4.665, -5.018, 16.320, 2626)
place(-4.273, -6.368, 19.306, "Scout", 2750)
upgrade(-4.273, -5.018, 19.306, 2511)
place(-7.805, -6.368, 16.652, "Scout", 4250)
upgrade(-7.805, -5.018, 16.652, 4000)
place(-7.361, -6.368, 19.685, "Scout", 3850)
upgrade(4.247, -5.018, 11.213, 4030)
upgrade(6.616, -5.018, 9.354, 3530)
upgrade(6.197, -5.018, 13.569, 3210)
upgrade(8.613, -5.018, 11.691, 2728)
